948.393188 876.176147
10.498367 109.523102
458.174377 598.863159
784.905518 696.028015
112.277596 25.181595
902.920593 765.136169
884.243286 768.364136
935.056641 794.404297
195.043793 232.128357
246.528519 239.776291
508.407837 561.084290
600.909424 578.308960
13.153478 161.784195
554.551819 608.857971
425.366974 458.825928
923.825806 884.541870
440.473633 493.314911
105.288857 179.669067
867.213989 759.709106
531.144165 545.385620
974.455994 983.767273
40.101322 118.956192
82.125313 19.091700
446.272156 399.674957
927.640625 798.935364
85.818047 93.213158
838.618103 767.328369
623.981445 611.479553
243.995483 208.467361
902.615417 947.045654
554.033020 471.051666
110.354927 212.569809
940.488892 855.835205
56.337170 98.776360
48.829617 181.790726
828.211304 780.863342
173.162018 215.446945
616.626465 547.296021
925.290710 901.892395
986.968567 954.932129
928.983398 835.520813
379.161957 348.641937
571.398071 621.428589
117.954041 82.487030
341.807312 259.997864
713.522766 567.130066
789.910583 670.343628
734.702576 621.040955
634.174622 779.908142
35.737175 137.600937
52.095097 73.505943
617.786194 471.649841
683.339966 719.866028
906.155579 855.599915
376.720490 506.459229
725.241882 852.911499
212.988678 156.567581
751.762451 859.985657
833.979309 911.156067
727.622314 664.270447
609.576721 720.528259
214.087341 342.745758
674.275940 785.859253
168.095947 179.966125
363.567017 340.032654
121.890930 137.310440
82.338936 30.815912
247.749252 327.526184
135.990479 59.079853
88.564713 179.584259
555.894653 430.257568
235.633408 228.798798
449.873352 450.976593
735.099365 716.563965
909.787292 984.011230
503.952148 503.434845
6.500443 106.651657
537.430969 503.605774
904.690674 924.513855
188.177124 334.871979
627.002808 589.323120
299.356049 169.580658
501.113922 467.004913
472.304443 498.942535
818.597961 903.630188
250.099182 188.633377
738.425842 718.279053
498.855560 554.800598
966.032898 834.751343
766.930115 637.154724
238.502151 126.369514
904.293945 954.371155
148.106323 19.614773
722.800354 728.582092
334.788055 260.156555
978.789612 857.522339
578.997131 618.214966
459.059418 310.698273
826.288635 922.673706
451.765503 376.868500
674.642151 756.076233
383.190399 325.487549
356.181519 488.676086
901.882996 911.269409
744.102295 716.566956
191.259506 331.188416
416.089355 505.433807
792.107910 911.015625
306.070129 293.357635
715.750610 787.241760
974.730652 959.476257
129.978333 155.638458
30.335398 1.463949
398.113953 301.435883
731.864380 781.464600
752.861084 693.034119
304.025391 340.350037
386.486389 339.770172
997.314392 861.545227
237.861267 152.462845
422.986542 499.879486
258.339172 298.683105
194.738602 327.214874
437.177643 342.706055
408.429199 355.322418
368.114258 439.779358
990.661316 999.382446
638.142029 612.382874
448.103271 404.747162
819.849243 887.101379
48.188728 134.268967
348.460327 219.701202
962.858948 965.195557
64.912872 51.631035
406.201355 527.526184
706.320374 573.404663
297.891174 301.036102
124.637596 234.012329
482.924896 357.571655
515.549194 636.297180
39.338360 30.151299
437.940613 436.983856
705.160706 619.872131
905.819885 947.463318
955.565063 913.074829
333.903015 203.669861
761.894592 656.289856
617.725159 669.806519
563.493774 672.458557
129.703659 31.319096
483.474213 610.475464
912.961182 905.204712
320.230713 190.180664
852.961792 905.250916
345.316925 277.973267
109.500412 13.391987
439.344452 437.820068
589.526062 520.296326
596.942017 519.325806
741.874451 739.297180
332.193970 335.750916
456.190674 577.790161
15.717032 148.890930
346.018860 196.842865
674.520081 618.373657
198.248230 155.404816
286.019470 204.814301
869.716492 736.199707
97.659233 210.873520
412.213501 401.496918
2.868740 16.627222
707.571655 682.673157
505.142365 622.109131
393.414093 421.755096
301.034576 276.383240
361.369659 252.954178
13.855403 28.648567
608.752686 526.558716
108.798485 72.884071
725.028259 795.017883
520.798340 592.307800
794.244202 840.694885
26.978363 76.625633
994.811829 911.316284
894.100769 826.875366
677.694031 775.553162
832.789063 892.899841
204.504532 223.790695
789.696960 920.241394
326.456482 264.075134
608.691650 645.153625
385.692932 269.440308
92.593155 125.127930
119.998779 79.103622
496.414063 400.871277
352.641388 299.104279
983.458984 957.773926
347.575317 487.110535
75.716423 152.608475
112.674339 127.621559
629.718933 771.369080
430.890839 482.560211
368.511017 428.493591
901.364197 960.314819
502.243103 428.142639
771.691040 760.553284
467.451996 395.420685
842.371887 866.437256
316.690582 328.643158
224.555191 270.245972
790.154724 644.192322
233.008820 84.510330
599.810791 742.321533
194.494461 203.334137
957.945496 929.302002
454.115417 540.704041
880.916748 816.535278
359.538574 266.284698
299.722290 236.233109
505.355988 467.401642
508.316284 507.441925
18.402660 82.343437
981.048035 876.943054
165.257736 162.350861
90.670494 68.197441
63.295387 28.010193
757.835632 825.032837
776.543457 867.316162
563.463257 441.451782
577.410217 688.599854
355.418549 356.787292
656.025879 708.812195
880.367432 976.704285
57.618946 175.437271
472.395996 375.754547
130.039368 20.434404
329.569397 285.224487
262.184509 122.283081
409.466827 297.480682
194.463943 216.212952
475.325775 569.522705
683.339966 784.980347
323.526733 410.774567
799.859619 804.121521
724.326294 814.842651
645.008728 732.769287
106.357002 7.643690
761.650452 692.109436
516.983521 469.470764
25.391399 68.230667
888.698975 898.564148
295.236053 334.105957
143.986328 157.091171
604.815796 467.285645
169.011505 266.916412
176.335953 127.651299
187.688828 106.859032
37.995544 30.930021
567.583252 484.482880
525.894958 592.258972
588.427368 688.016907
452.192749 416.307556
205.145416 197.486801
220.374161 210.481583
335.947754 250.988800
669.393005 774.924500
707.113892 666.568542
926.938660 891.849243
785.882141 873.148315
54.322948 150.896057
832.209229 953.122009
763.451050 636.935059
601.092590 650.070190
986.999084 964.093750
726.523621 744.784363
583.819092 669.675293
318.155457 452.243103
960.173340 810.294983
802.423157 843.398804
888.027588 988.271301
538.651672 444.106842
302.285828 315.776520
242.286453 315.160065
357.402252 502.293457
745.628235 865.753662
525.101501 564.575684
127.750481 116.772690
14.587848 142.808228
745.048401 677.072998
296.060059 337.072357
193.212677 305.995361
8.941923 135.561691
732.139038 864.413879
36.317028 56.093555
204.992828 308.656586
26.490067 34.751850
982.787537 987.089233
143.131805 18.070810
965.269958 922.994873
325.144196 195.341339
170.018616 221.825317
837.641541 840.356140
940.702515 994.474854
394.940033 413.109253
305.337677 231.447784
637.470642 778.223511
516.708862 597.996460
243.018890 346.938995
305.185089 346.966461
454.420593 367.575592
876.094849 989.576111
304.025391 285.279388
182.226013 73.883781
317.148346 249.987793
503.128143 429.311493
975.005371 927.207947
862.025818 985.252808
718.741394 700.910950
312.265381 368.869598
775.750000 863.647888
624.011963 722.402100
589.465027 527.065369
402.325500 366.321289
133.884705 134.270615
168.401138 288.013855
894.344910 984.481384
435.071869 398.344391
795.037720 856.109863
307.199310 328.966644
855.830566 806.981323
639.362793 685.877563
857.966858 745.898071
280.800812 311.110260
801.507629 884.580566
440.015869 356.961273
434.675140 579.328308
699.392700 624.779541
636.738159 607.133667
711.630615 672.119812
935.758545 832.932617
109.164711 157.355927
942.258972 995.587402
657.521301 512.199768
980.315552 966.572693
184.087646 332.494568
696.890137 757.376282
313.699768 228.868988
931.272339 799.462402
541.947693 551.840271
625.202209 520.256714
677.694031 757.434326
55.482651 67.106232
185.949280 278.992584
170.110168 132.467117
462.477478 592.216248
308.908356 265.964233
571.092896 626.241394
90.609451 24.459673
475.386810 424.486511
746.726868 694.187744
295.541260 207.689148
684.377563 554.602173
622.058777 742.889160
558.488708 589.457336
417.126984 470.966187
635.395386 627.507874
535.294678 396.253876
728.354736 820.152893
394.543304 491.175598
486.739716 507.829559
828.913208 918.980957
320.139160 450.051880
654.011658 527.752014
738.120667 696.705505
976.805908 880.042725
387.554565 429.418335
780.541382 643.523926
568.498779 550.677490
816.675293 728.173157
509.384430 548.620544
334.299744 186.259033
183.904541 316.536469
679.067383 615.047180
949.552917 835.908325
292.184204 332.995087
790.002136 828.542419
141.239655 67.159241
442.243713 526.232178
114.017151 204.561523
189.642014 68.097473
406.079285 395.152130
602.282776 721.886353
434.156311 394.425781
5.737480 15.817570
305.917542 200.495926
960.020752 978.675415
377.727600 381.183807
528.794189 388.132843
931.546997 846.742249
621.662048 770.151367
502.151550 541.781372
189.458908 180.527679
886.104919 739.769348
554.429749 557.492310
363.475433 448.599213
656.422607 781.473755
163.914917 268.027283
496.536163 357.055878
707.876831 580.600891
558.915955 592.576355
654.560974 591.410522
492.599274 605.784790
287.881104 204.771576
834.345520 833.718384
271.492645 237.246307
53.559982 116.071495
303.994873 220.482498
701.040710 640.417236
706.259338 697.758423
942.075867 899.702454
471.022675 366.067993
255.867188 323.531311
807.214600 668.338623
582.354187 661.224670
709.341736 587.788025
696.951172 791.587524
583.483398 647.943054
95.675529 217.131973
461.500916 371.707825
171.117279 135.351105
833.887756 802.003540
960.356445 812.613647
633.564270 737.759033
246.833710 275.412781
400.799591 387.803284
296.792511 439.953308
161.442917 296.290497
11.688589 113.177567
49.043243 28.726326
777.916809 801.158203
202.429276 167.349762
795.098755 895.768616
969.969788 827.716675
164.067505 305.973999
951.536621 907.869934
515.915405 665.713989
910.031433 927.600037
463.301483 375.101471
82.796715 228.839462
655.232422 543.356140
925.046570 854.443115
716.574585 820.155945
815.912354 752.432312
853.785828 792.739563
758.873230 852.063049
407.696777 484.324188
607.409912 736.397888
134.861298 22.246775
847.376953 824.492676
498.733490 646.279846
467.238373 422.399078
751.854004 888.157288
947.416626 839.359009
90.060120 196.798447
900.051880 783.485596
660.817261 792.680115
390.545380 263.278625
705.496399 813.298462
471.724609 413.179413
618.335510 548.739563
962.248596 851.492615
202.368240 158.746597
0.579852 113.875809
904.019287 810.554260
405.438385 416.786682
307.016205 327.529236
374.065369 463.620422
668.141724 556.512634
549.760437 507.365662
774.468201 714.970825
989.867859 973.751953
904.477051 842.871887
65.157021 15.430737
173.955505 185.431992
822.504333 722.914795
47.761467 123.761612
841.090149 704.265015
298.989838 213.225189
114.688560 241.908890
196.478165 124.108093
990.142517 935.660889
202.368240 86.005737
693.777283 563.122986
960.417480 939.978333
477.126373 364.096497
856.562988 965.208801
912.991699 918.822449
933.347595 999.398315
372.966705 318.523193
438.673065 343.276794
218.085266 91.596725
790.795593 844.085510
733.542908 748.809814
240.668961 376.981384
338.633392 334.517975
12.543107 67.314980
103.610336 87.792656
204.626602 298.759399
104.281746 92.712303
230.414749 100.025940
645.771667 496.321014
82.705162 132.654800
886.532166 788.410400
200.781281 273.068939
894.283875 827.444092
222.449417 334.051025
664.662598 594.938477
402.325500 254.925674
133.976257 141.073807
976.958496 996.012878
717.551208 743.896301
258.735931 176.688446
404.370239 271.912292
739.799194 783.365906
939.939575 988.691467
986.266663 999.945007
128.177734 7.513269
605.517761 503.447083
783.715332 659.048767
66.377762 164.969299
365.611755 255.236984
654.560974 645.767090
824.488037 974.066895
343.546875 339.175110
693.075378 596.974121
863.490723 846.624390
952.909912 874.697693
747.764526 750.057983
707.052856 719.151917
640.125732 598.005615
191.076385 67.371132
642.231506 640.221863
153.111359 231.862854
983.794678 871.035767
134.098328 278.852814
796.075317 800.263977
679.891357 623.104065
270.271912 306.843781
16.174810 93.988396
981.933044 874.889709
217.627487 196.308792
662.251648 626.760132
402.294983 550.079346
198.614456 153.784286
982.634949 854.204895
144.169434 144.548538
504.562531 384.253998
518.875671 619.289185
105.624557 77.505722
182.592239 67.896049
123.477890 158.810318
561.906799 630.687866
886.104919 990.456360
11.322367 121.103783
214.606155 152.801590
591.052002 665.482056
670.888367 702.442993
541.489929 533.510864
79.683830 156.440445
236.548965 125.395973
358.287292 416.063416
896.725342 836.952576
183.263657 129.607544
843.012817 871.024231
526.932556 459.552277
573.351257 716.338074
593.951233 625.725586
442.274231 419.234283
189.580978 257.226807
225.592819 94.590591
50.904873 108.591759
350.932343 402.876373
172.124390 202.186646
75.624863 60.091805
655.262939 706.053345
393.047882 393.043274
117.496262 168.798508
948.759399 809.034241
186.468094 74.417862
747.703491 783.753479
114.535965 221.303741
933.591736 938.988037
43.702507 157.340805
421.826843 539.416199
951.933350 952.651855
667.256714 681.479858
812.402710 870.334473
347.758423 204.423660
997.070251 975.095886
245.399338 115.926086
455.397186 373.761719
105.838188 102.024529
699.972534 812.526306
757.591492 743.816956
129.612106 256.862213
272.225098 136.379578
722.251038 774.863403
447.157196 309.315765
627.369019 773.212402
391.399872 455.255310
690.969543 771.002808
496.627716 638.140503
442.670990 343.942078
573.900574 444.308289
577.501770 508.592499
437.788025 578.421875
462.752167 510.429718
718.985535 582.169556
701.590027 817.732788
186.712234 104.115410
284.493530 174.173691
362.163147 298.490845
359.996338 213.530380
704.153564 681.287598
155.674911 289.222412
148.136841 221.980789
80.721458 223.975922
280.465088 396.342346
541.612000 518.938293
928.098389 858.977661
501.663269 467.261292
445.966980 547.268616
316.293823 254.983658
482.650238 613.066528
874.599426 906.462830
505.935852 596.992432
579.027710 499.095154
869.350281 729.568359
194.128235 223.265778
700.888062 589.515320
95.706047 132.230011
395.367279 283.463531
951.597656 827.761047
991.607422 940.190063
365.276031 495.875397
215.247040 289.301727
513.870667 423.583191
469.405182 417.442841
311.136200 311.891541
553.361633 658.847351
127.414780 199.592697
391.277802 365.042572
597.460876 663.394592
551.774658 482.490021
547.105347 611.226257
839.960938 749.288940
570.726624 614.329956
742.759460 677.137024
290.078430 302.214111
9.186071 46.579670
826.105530 741.054993
146.519363 98.302856
514.816711 442.675537
113.803520 229.249100
398.724335 451.318420
993.896301 977.580383
524.796265 410.914917
924.985474 787.346252
580.278931 466.122925
73.763237 54.310406
897.701965 791.952515
930.234680 880.053650
360.301514 263.705841
706.167786 829.113098
239.051483 94.453262
118.655968 212.443771
492.599274 586.255981
339.396332 344.271667
561.326965 605.168335
391.186249 444.705048
186.712234 109.022789
773.186462 710.805115
287.636963 272.727142
595.629761 600.166321
424.207275 571.964172
5.920591 77.296494
880.916748 818.933167
186.742752 187.598785
900.204468 769.903320
707.663208 856.527893
97.567673 227.115219
511.642822 599.211121
589.678650 529.018555
317.514587 461.499390
866.542542 991.349304
719.718018 794.816467
939.024048 927.841797
766.502869 851.379395
793.145569 891.425842
297.921692 255.545212
